2606.00485
2606.00486
2606.00487
2606.00497
2606.00499
2606.00510
2606.00515
2606.00516
2606.00537
2606.00539
2606.00547
2606.00566
2606.00576
2606.00579
2606.00601
2606.00611
2606.00619
2606.00620
2606.00622
2606.00636
2606.00642
2606.00654
2606.00655
2606.00660
2606.00664
2606.00669
2606.00671
2606.00708
2606.00717
2606.00722
2606.00724
2606.00735
2606.00750
2606.00756
2606.00765
2606.00773
2606.00774
2606.00793
2606.00804
2606.00813
2606.00825
2606.00832
2606.00866
2606.00888
2606.00898
2606.00914
2606.00920
2606.00925
2606.02628
2606.07620
2606.07623
2606.07624
2606.20632
2606.20634
2606.24650
2606.28338
