2605.27820
2605.27825
2605.27850
2605.27879
2605.27881
2605.27898
2605.27899
2605.27901
2605.27918
2605.27922
2605.27947
2605.27954
2605.27957
2605.27963
2605.27980
2605.27995
2605.28000
2605.28009
2605.28017
2605.28044
2605.28046
2605.28053
2605.28071
2605.28074
2605.28083
2605.28095
2605.28097
2605.28108
2605.28112
2605.28116
2605.28122
2605.28158
2605.28201
2605.28213
2605.28214
2605.28224
2605.28282
2605.28302
2605.28354
2605.28371
2605.28384
2605.28390
2605.28424
2605.28433
2605.28467
2605.28480
2605.28508
2605.28510
2605.28544
2605.28561
2605.28565
2605.28573
2605.28617
2605.28632
2605.28634
2605.28640
2605.28646
2605.28678
2605.28691
2605.28699
2605.28704
2605.28721
2605.28726
2605.28732
2605.28742
2605.28751
2605.28760
2605.28764
2605.28773
2605.28774
2605.28778
2605.28787
2605.28803
2605.28805
2605.28807
2605.28819
2605.28889
2605.28890
2605.28893
2605.28897
2605.28914
2605.28918
2605.28920
2605.28969
2605.28991
2605.28999
2605.29001
2605.29005
2605.29054
2605.29068
2605.29074
2605.29075
2605.29078
2605.29082
2605.29087
2605.29107
2605.29114
2605.29115
2605.29119
2605.29121
2605.29123
2605.29129
2605.29135
2605.29139
2605.29156
2605.29178
2605.29183
2605.29192
2605.29209
2606.07586
2606.26120
2606.26122
