2609.11999
2609.13149
2609.13150
2609.13153
2609.13154
2609.13159
2609.13161
2609.13194
2609.13195
2609.13197
2609.13198
2609.13204
2609.13205
2609.13225
2609.13231
2609.13236
2609.13245
2609.13250
2609.13257
2609.13261
2609.13267
2609.13268
2609.13285
2609.13287
2609.13296
2609.13308
2609.13324
2609.13334
2609.13335
2609.13353
2609.13356
2609.13389
2609.13395
2609.13406
2609.13415
2609.13422
2609.13425
2609.13436
2609.13443
2609.13445
2609.13457
2609.13458
2609.13463
2609.13470
2609.13486
2609.13489
2609.13491
2609.13499
2609.13500
2609.13512
2609.13520
2609.13529
2609.13534
2609.13537
2609.13544
2609.13548
2609.13559
2609.13580
2609.13582
2609.13585
2609.13592
2609.13612
2609.13624
2609.13637
2609.13642
2609.13645
2609.13672
2609.13679
2609.13680
2609.13682
2609.13692
2609.13695
2609.13709
2609.13714
2609.13725
2609.13730
2609.13731
2609.13734
2609.13737
2609.13739
2609.13747
2609.13770
2609.13785
2609.13800
2609.13804
2609.13808
2609.13812
2609.13814
2609.13824
2609.13830
2609.13845
2609.13846
2609.13851
2609.13866
2609.13889
2609.13890
2609.13899
2609.13909
2609.13922
2609.13945
2609.13948
2609.13975
2609.13984
2609.13986
2609.13997
2609.14003
2609.14011
2609.14057
2609.14060
2609.14066
2609.14073
2609.14127
2609.14138
2609.14142
2609.14144
2609.14146
2609.14151
2609.14157
2609.14168
2609.14174
2609.14193
2609.14211
2609.14213
2609.14219
2609.14231
2609.14237
2609.14239
2609.14245
2609.14248
2609.14257
2609.14258
2609.14306
2609.14320
2609.14339
2609.14384
2609.14399
2609.14400
2609.14412
2609.14422
2609.14448
2609.14462
2609.14485
2609.14500
2609.14507
2609.14528
2609.14543
2609.14561
2609.14579
2609.14592
2609.14631
2609.14633
2609.14636
2609.14637
2609.14643
2609.14648
2609.14706
2609.14708
2609.14717
2609.14725
2609.14738
2609.14739
2609.14743
2609.14744
2609.14754
2609.14758
2609.14759
2609.14762
2609.14767
2609.14770
2609.14773
2609.14780
2609.14824
2609.14833
2609.14839
2609.14850
2609.14857
2609.14858
2609.14860
2609.14861
2609.14864
2609.14870
2609.14872
2609.14913
2609.14973
2609.14976
2609.14985
2609.14987
2609.14992
2609.14995
2609.14998
2609.15005
2609.15009
2609.15011
2609.15013
2609.15015
2609.15017
2609.15021
2609.15028
2609.15029
2609.15030
2609.15037
2609.15039
2609.15044
2609.15051
2609.15064
2609.15065
2609.15066
2609.15070
2609.15079
2609.15096
2609.15106
2609.15113
2609.15122
2609.15123
2609.15126
2609.15128
2609.15131
2609.15134
2609.15143
2609.15145
2609.15160
2609.15164
2609.15169
2609.15177
2609.15189
2609.15195
2609.15209
2609.15213
2609.15215
2609.15229
2609.15230
2609.15234
2609.15241
2609.15289
2609.15293
2609.15296
2609.15307
2609.15309
2609.15311
2609.15313
2609.15314
2609.15319
2609.15322
2609.15338
2609.15359
2609.15364
2609.15382
2609.15383
2609.15392
2609.15396
2609.15397
2609.15404
2609.15408
2609.15422
2609.15455
2609.15457
2609.15471
2609.15475
2609.15476
2609.15478
2609.15504
2609.15517
2609.15528
2609.15533
2609.15545
2609.15561
2609.15570
2609.15578
2609.15587
2609.15598
2609.15606
2609.15620
2609.15627
2609.15636
2609.15640
2609.15654
2609.15660
2609.15671
2609.15683
2609.15684
2609.15721
2609.15726
2609.15740
2609.15743
2609.15745
2609.15759
2609.15779
2609.15781
2609.15795
2609.15800
2609.15801
2609.15803
2609.15807
2609.15820
2609.15825
2609.15830
2609.15838
2609.15840
2609.15863
2609.15870
2609.15883
2609.15886
2609.15889
2609.15903
2609.15915
2609.15939
2609.15940
2609.15964
2609.15972
2609.15975
2609.15976
2609.15980
2609.15982
2609.15983
2609.15987
2609.15989
