2606.29142
2606.29150
2606.29151
2606.29158
2606.29159
2606.29171
2606.29176
2606.29178
2606.29182
2606.29184
2606.29193
2606.29194
2606.29196
2606.29207
2606.29215
2606.29222
2606.29223
2606.29225
2606.29228
2606.29237
2606.29238
2606.29239
2606.29251
2606.29270
2606.29275
2606.29278
2606.29279
2606.29280
2606.29282
2606.29296
2606.29315
2606.29328
2606.29337
2606.29340
2606.29350
2606.29354
2606.29366
2606.29377
2606.29399
2606.29403
2606.29424
2606.29425
2606.29441
2606.29445
2606.29472
2606.29476
2606.29481
2606.29490
2606.29493
2606.29501
2606.29502
2606.29506
2606.29520
2606.29522
2606.29526
2606.29532
2606.29537
2606.29538
2606.29541
2606.29544
2606.29554
2606.29563
2606.29565
2606.29567
2606.29571
2606.29573
2606.29580
2606.29581
2606.29592
2606.29601
2606.29602
2606.29604
2606.29605
2606.29623
2606.29629
2606.29645
2606.29646
2606.29648
2606.29649
2606.29652
2606.29654
2606.29657
2606.29661
2606.29679
2606.30686
2606.30689
