2606.29685
2606.29699
2606.29700
2606.29708
2606.29713
2606.29718
2606.29719
2606.29745
2606.29758
2606.29775
2606.29778
2606.29784
2606.29788
2606.29871
2606.29887
2606.29914
2606.29920
2606.29955
2606.29957
2606.29959
2606.29975
2606.29982
2606.29986
2606.30005
2606.30107
2606.30119
2606.30185
2606.30251
2606.30263
2606.30265
2606.30338
2606.30373
2606.30383
2606.30389
2606.30391
2606.30449
2606.30531
2606.30534
2606.30546
2606.30560
2606.30562
2606.30566
2606.30573
2606.30602
2606.30616
2606.30627
2606.30634
2606.30639
2606.30697
2606.30704
2606.30774
2606.30775
2606.30783
2606.30788
2606.30789
2606.30801
2606.30814
2606.30850
2606.30852
2606.30899
2606.30911
2606.30919
2606.30931
2606.31002
