2605.14241
2605.14249
2605.14271
2605.14290
2605.14305
2605.14415
2605.14421
2605.14460
2605.14473
2605.14483
2605.14498
2605.14514
2605.14570
2605.14591
2605.14636
2605.14678
2605.14744
2605.14747
2605.14786
2605.14859
2605.14865
2605.14906
2605.14932
2605.14968
2605.14978
2605.15030
2605.15034
2605.15051
2605.15079
2605.15100
2605.15109
2605.15118
2605.15128
2605.15132
2605.15138
2605.15152
2605.15155
2605.15164
2605.15172
2605.15178
2605.15184
2605.15185
2605.15188
2605.15238
2605.15257
2605.15338
2605.15377
2605.15384
2605.15403
2605.15422
2605.15425
2605.15466
2605.15477
2605.16436
2605.16439
2605.18859
