2605.13851
2605.13864
2605.13880
2605.13915
2605.13935
2605.13940
2605.13941
2605.13981
2605.14005
2605.14037
2605.14038
2605.14062
2605.14071
2605.14089
2605.14102
2605.14133
2605.14153
2605.14163
2605.14167
2605.14175
2605.14186
2605.14192
2605.14200
2605.14212
2605.14217
2605.14220
2605.14241
2605.14249
2605.14258
2605.14271
2605.14292
2605.14305
2605.14362
2605.14368
2605.14392
2605.14415
2605.14421
2605.14438
2605.14457
2605.14458
2605.14460
2605.14473
2605.14477
2605.14478
2605.14483
2605.14498
2605.14514
2605.14570
2605.14591
2605.14605
2605.14621
2605.14636
2605.14678
2605.14744
2605.14747
2605.14773
2605.14786
2605.14844
2605.14859
2605.14865
2605.14906
2605.14929
2605.14932
2605.14968
2605.14978
2605.15030
2605.15034
2605.15041
2605.15051
2605.15053
2605.15077
2605.15079
2605.15097
2605.15100
2605.15109
2605.15113
2605.15118
2605.15128
2605.15132
2605.15134
2605.15138
2605.15141
2605.15152
2605.15153
2605.15155
2605.15156
2605.15157
2605.15164
2605.15172
2605.15177
2605.15178
2605.15184
2605.15185
2605.15188
2605.15190
