2605.14290
2605.14292
2605.14362
2605.14415
2605.14438
2605.14478
2605.14498
2605.14514
2605.14570
2605.14589
2605.14678
2605.14696
2605.14712
2605.14744
2605.14747
2605.14773
2605.14786
2605.14802
2605.14844
2605.14865
2605.14877
2605.14906
2605.14929
2605.14968
2605.14978
2605.15034
2605.15041
2605.15053
2605.15100
2605.15104
2605.15118
2605.15128
2605.15138
2605.15152
2605.15155
2605.15156
2605.15157
2605.15172
2605.15178
2605.15188
2605.15239
2605.15315
2605.15341
2605.15391
2605.15403
2605.15425
2605.15458
2605.15466
2605.15477
2605.15484
