2605.19240
2605.19242
2605.19262
2605.19269
2605.19276
2605.19282
2605.19314
2605.19321
2605.19328
2605.19341
2605.19344
2605.19377
2605.19407
2605.19481
2605.19537
2605.19561
2605.19576
2605.19593
2605.19604
2605.19660
2605.19668
2605.19722
2605.19735
2605.19769
2605.19775
2605.19779
2605.19847
2605.19893
2605.19929
2605.19932
2605.19945
2605.19952
2605.19999
2605.20022
2605.20051
2605.20061
2605.20084
2605.20104
2605.20123
2605.20168
2605.20173
2605.20179
2605.20295
2605.20312
2605.20315
2605.20402
2605.20477
2605.20485
2605.20490
2605.20520
2605.20530
2605.20548
2605.20563
2605.22863
2605.22864
2605.22866
2605.24006
2605.24011
2606.28330
