2606.22741
2606.22768
2606.22778
2606.22783
2606.22792
2606.22794
2606.22798
2606.22804
2606.22826
2606.22827
2606.22840
2606.22844
2606.22864
2606.22873
2606.22874
2606.22875
2606.22877
2606.22878
2606.22883
2606.22902
2606.22906
2606.22916
2606.22918
2606.22925
2606.22932
2606.22936
2606.22942
2606.22948
2606.22953
2606.22966
2606.22968
2606.22977
2606.22983
2606.23001
2606.23003
2606.23017
2606.23026
2606.23030
2606.23038
2606.23049
2606.23075
2606.23112
2606.23127
2606.23130
2606.23181
2606.23189
2606.23195
2606.23217
2606.23276
2606.23277
2606.23283
2606.23321
2606.23370
2606.23403
2606.23404
2606.23416
2606.23449
2606.23459
2606.23521
2606.23525
2606.23546
2606.23581
2606.23583
2606.23589
2606.23617
2606.23642
2606.23654
2606.23664
2606.23671
2606.23686
2606.23752
2606.23754
2606.23768
2606.23797
2606.23858
2606.23872
2606.23892
2606.23915
2606.23927
2606.23937
2606.23961
2606.23969
2606.23983
2606.23989
2606.24004
2606.24020
2606.24033
2606.24040
2606.24551
2606.24934
2606.28385
2606.28386
