2605.25338
2605.25375
2605.25376
2605.25379
2605.25389
2605.25421
2605.25422
2605.25424
2605.25451
2605.25475
2605.25492
2605.25521
2605.25535
2605.25537
2605.25547
2605.25550
2605.25621
2605.25624
2605.25632
2605.25641
2605.25645
2605.25653
2605.25655
2605.25673
2605.25674
2605.25682
2605.25698
2605.25704
2605.25707
2605.25716
2605.25798
2605.25820
2605.25831
2605.25869
2605.25874
2605.25893
2605.25954
2605.25966
2605.25988
2605.26029
2605.26046
2605.26079
2605.26112
2605.26114
2605.26177
2605.26184
2605.26200
2605.26252
2605.26266
2605.26269
2605.26289
2605.26297
2605.26298
2605.26302
2605.26321
2605.26327
2605.26329
2605.26340
2605.26349
2605.26362
2605.26384
2605.26403
2605.27091
2605.27461
2605.28873
2606.00093
