2605.12875
2605.12887
2605.12925
2605.12947
2605.12978
2605.12981
2605.13013
2605.13026
2605.13044
2605.13076
2605.13095
2605.13119
2605.13139
2605.13170
2605.13171
2605.13190
2605.13245
2605.13247
2605.13276
2605.13295
2605.13319
2605.13335
2605.13338
2605.13357
2605.13360
2605.13370
2605.13382
2605.13411
2605.13433
2605.13434
2605.13471
2605.13485
2605.13647
2605.13716
2605.13734
2605.13764
2605.13778
2605.13779
2605.13784
2605.13915
2605.13940
2605.13941
2605.14005
2605.14037
2605.14038
2605.14089
2605.14102
2605.14175
2605.14186
2605.14200
2605.14217
2605.14220
2605.15228
2605.16407
2605.18852
2605.18853
2605.18854
2605.18856
2605.20223
2605.23970
2605.23974
