2605.11381
2605.11418
2605.11442
2605.11478
2605.11487
2605.11496
2605.11514
2605.11537
2605.11550
2605.11567
2605.11577
2605.11581
2605.11599
2605.11603
2605.11678
2605.11744
2605.11746
2605.11770
2605.11852
2605.11854
2605.11868
2605.11946
2605.11951
2605.11999
2605.12070
2605.12131
2605.12245
2605.12265
2605.12366
2605.12396
2605.12471
2605.12474
2605.12493
2605.12571
2605.12624
2605.12673
2605.12715
2605.12726
2605.12766
2605.12825
2605.15215
2605.18812
2605.18814
2605.18815
2605.18825
2605.22842
2605.23965
2605.16395
