2605.05583
2605.05607
2605.05628
2605.05639
2605.05687
2605.05696
2605.05699
2605.05701
2605.05716
2605.05724
2605.05794
2605.05868
2605.05819
2605.05971
2605.05973
2605.06055
2605.06068
2605.06105
2605.06113
2605.06136
2605.06152
2605.06161
2605.06185
2605.06221
2605.06327
2605.06365
2605.06374
2605.06393
2605.06455
2605.06472
2605.06544
2605.06527
2605.06534
2605.06635
2605.06663
2605.06665
2605.06731
2605.06761
2605.06788
2605.06812
2605.06841
2605.06850
2605.06869
2605.06890
2605.06992
2605.06914
2605.06997
2605.07002
2605.07021
2605.07042
2605.07068
2605.07073
2605.07076
2605.07079
2605.08261
2605.16341
2605.23950
2606.00050
