2605.09863
2605.09877
2605.09886
2605.09889
2605.09934
2605.09994
2605.10012
2605.10075
2605.10124
2605.10133
2605.10223
2605.10246
2605.10312
2605.10351
2605.10380
2605.10405
2605.10448
2605.10481
2605.10501
2605.10516
2605.10555
2605.10556
2605.10575
2605.10614
2605.10670
2605.10763
2605.10787
2605.10805
2605.10834
2605.10870
2605.10901
2605.10905
2605.10913
2605.11039
2605.11093
2605.11182
2605.11202
2605.11205
2605.11209
2605.11215
2605.11229
2605.11317
2605.11325
2605.11333
2605.11335
2605.11360
2605.23956
