2605.08346
2605.08354
2605.08366
2605.08368
2605.08399
2605.08432
2605.08460
2605.08462
2605.08467
2605.08468
2605.08472
2605.08477
2605.08478
2605.08505
2605.08513
2605.08520
2605.08524
2605.08527
2605.08545
2605.08563
2605.08575
2605.08580
2605.08581
2605.08586
2605.08587
2605.08590
2605.08594
2605.08621
2605.08632
2605.08636
2605.08639
2605.08646
2605.08647
2605.08658
2605.08666
2605.08737
2605.08761
2605.08769
2605.08835
2605.08838
2605.08840
2605.08862
2605.08871
2605.08927
2605.08962
2605.09023
2605.09055
2605.09070
2605.09126
2605.09168
2605.09204
2605.09218
2605.09225
2605.09227
2605.09241
2605.09269
2605.09278
2605.09285
2605.09303
2605.09315
2605.09317
2605.09330
2605.09359
2605.09375
2605.09387
2605.09397
2605.09442
2605.09490
2605.09497
2605.09544
2605.09594
2605.09608
2605.09649
2605.09650
2605.09681
2605.09684
2605.09701
2605.09702
2605.09721
2605.09820
2605.09822
2605.09863
2605.09886
2605.09889
2605.09934
2605.09992
2605.10012
2605.10124
2605.10133
2605.10199
2605.10223
2605.10351
2605.10366
2605.10380
2605.10405
2605.10448
2605.10481
2605.10501
2605.10516
2605.10575
2605.10614
2605.10670
2605.10763
2605.10779
2605.10805
2605.10850
2605.10870
2605.10875
2605.10901
2605.10912
