2606.25274
2606.25285
2606.25296
2606.25342
2606.25349
2606.25353
2606.25366
2606.25371
2606.25388
2606.25410
2606.25426
2606.25447
2606.25449
2606.25453
2606.25467
2606.25487
2606.25514
2606.25519
2606.25532
2606.25548
2606.25575
2606.25592
2606.25605
2606.25608
2606.25622
2606.25656
2606.25658
2606.25674
2606.25700
2606.25705
2606.25721
2606.25759
2606.25760
2606.25782
2606.25797
2606.25819
2606.25838
2606.25863
2606.25871
2606.25987
2606.25996
2606.26021
2606.26027
2606.26028
2606.26057
2606.26071
2606.26185
2606.26211
2606.26257
2606.26298
2606.26300
2606.26341
2606.26344
2606.26356
2606.26377
2606.26383
2606.26429
2606.26439
2606.26441
2606.26442
2606.26449
2606.26453
2606.26456
2606.26463
2606.26472
2606.26479
2606.26488
2606.26492
