2606.26511
2606.26524
2606.26529
2606.26587
2606.26590
2606.26607
2606.26631
2606.26633
2606.26649
2606.26650
2606.26664
2606.26666
2606.26669
2606.26686
2606.26721
2606.26744
2606.26753
2606.26758
2606.26762
2606.26790
2606.26793
2606.26806
2606.26836
2606.26859
2606.26875
2606.26904
2606.26917
2606.26918
2606.26924
2606.26933
2606.26935
2606.26960
2606.26978
2606.26979
2606.26990
2606.26997
2606.27005
2606.27009
2606.27027
2606.27045
2606.27079
2606.27091
2606.27136
2606.27146
2606.27153
2606.27154
2606.27188
2606.27205
2606.27210
2606.27226
2606.27242
2606.27243
2606.27251
2606.27268
2606.27288
2606.27326
2606.27330
2606.27350
2606.27355
2606.27359
2606.27369
2606.27373
2606.27374
2606.27375
2606.27376
2606.27406
2606.27409
2606.27416
2606.27443
2606.27457
2606.27472
2606.27474
2606.27483
2606.27492
2606.27499
2606.27510
2606.27511
2606.27537
2606.27550
2606.27558
2606.27567
2606.27578
2606.27580
2606.27595
2606.27608
2606.27622
2606.28409
2606.28421
2606.28425
