2606.28666
2606.28679
2606.28690
2606.28692
2606.28707
2606.28712
2606.28715
2606.28720
2606.28725
2606.28733
2606.28739
2606.28747
2606.28751
2606.28754
2606.28757
2606.28758
2606.28772
2606.28781
2606.28804
2606.28813
2606.28831
2606.28839
2606.28841
2606.28843
2606.28862
2606.28863
2606.28864
2606.28867
2606.28876
2606.28896
2606.28898
2606.28900
2606.28925
2606.28932
2606.28938
2606.28939
2606.28953
2606.28955
2606.28958
2606.28962
2606.28995
2606.28998
2606.29013
2606.29030
2606.29033
2606.29038
2606.29054
2606.29059
2606.29066
2606.29067
2606.29073
2606.29082
2606.29088
2606.29089
2606.29090
2606.29091
2606.29094
2606.29097
2606.29108
2606.29112
2606.29116
2606.29119
2606.29124
2606.29126
2606.29129
