2606.00144
2606.00150
2606.00152
2606.00162
2606.00172
2606.00183
2606.00189
2606.00198
2606.00206
2606.00229
2606.00232
2606.00251
2606.00267
2606.00269
2606.00271
2606.00279
2606.00305
2606.00318
2606.00341
2606.00348
2606.00365
2606.00376
2606.00380
2606.00395
2606.00408
2606.00424
2606.00432
2606.00437
2606.00439
2606.00448
2606.00457
2606.07603
2606.07616
2606.20631
2605.30711
2605.30712
2605.30723
2605.30727
2605.30728
2605.30736
2605.30738
2605.30753
2605.30757
2605.30771
2605.30777
2605.30785
2605.30803
2605.30807
2605.30824
2605.30832
2605.30833
2605.30834
2605.30837
2605.30838
2605.30842
2605.30851
2605.30852
2605.30854
2605.30855
2605.30859
2605.30880
2605.30883
2605.30888
2605.30896
2605.30898
2605.30911
2605.30917
2605.30924
2605.30998
2605.31033
2605.31042
2605.31058
2605.31066
2605.31073
2605.31086
2605.31105
2605.31111
2605.31158
2605.31159
2605.31164
2605.31167
2605.31170
2605.31175
2605.31176
2605.31244
2605.31264
2605.31278
2605.31308
2605.31328
2605.31354
2605.31361
2605.31365
2605.31381
2605.31408
2605.31455
2605.31460
2605.31463
2605.31464
2605.31468
2605.31490
2605.31509
2605.31584
2605.31593
