2605.02905
2605.02907
2605.02908
2605.02909
2605.02910
2605.02914
2605.02915
2605.02943
2605.02944
2605.02946
2605.02953
2605.02958
2605.02960
2605.02964
2605.02968
2605.02971
2605.02973
2605.02977
2605.03034
2605.03050
2605.03052
2605.03058
2605.03065
2605.03073
2605.03075
2605.03090
2605.03095
2605.03109
2605.03110
2605.03117
2605.03129
2605.03140
2605.03143
2605.03153
2605.03159
2605.03160
2605.03179
2605.03188
2605.03190
2605.03196
2605.03202
2605.03208
2605.03217
2605.03226
2605.03228
2605.03229
2605.03242
2605.03245
2605.03252
2605.03258
2605.03269
2605.03308
2605.03317
2605.03344
2605.03346
2605.03348
2605.03351
2605.03356
2605.03361
2605.03363
2605.03373
2605.03409
2605.03413
2605.03426
2605.03441
2605.03472
2605.03475
2605.03514
2605.03546
2605.03547
2605.03609
2605.03619
2605.03623
2605.03625
2605.03636
2605.03637
2605.03639
2605.03650
2605.03669
2605.03702
2605.03712
2605.03713
2605.03724
2605.03759
2605.03769
2605.03776
2605.03780
2605.03782
2605.03804
2605.03806
2605.03808
2605.03812
2605.03821
2605.03822
2605.03824
2605.03849
2605.03869
2605.03871
2605.03903
2605.03907
2605.03936
2605.03937
2605.03941
2605.03945
2605.03953
2605.03984
2605.03998
